ad_code;province;1;2;3;4;5
11;北京市;1034379.13399198;1304255.76330571;3194957.09572059;1165427.76478128;3302272.48219315
12;天津市;1496006.75735545;1030893.75085984;2725386.48945246;440117.539116873;1449129.84174785
13;河北省;6387334.71763449;4489623.63734316;7409278.09489401;677764.84774048;3588048.00103377
14;山西省;6838597.30279636;2896829.23183085;5633911.80717243;641651.078698694;5089992.93641527
15;内蒙古自治区;6349421.38395453;2307304.73776155;5411258.47804692;617074.305387955;9598299.43362524
21;辽宁省;4788115.6089123;2600703.1051852;7766914.35142426;1254573.80061702;3635307.81426508
22;吉林省;4213298.55422249;1021174.30098696;2632912.12335797;554783.39104062;3025845.97245642
23;黑龙江省;6567129.7231951;2328848.54946546;3224190.97915032;374597.316347774;3620532.74660709
31;上海市;1279982.90463248;636274.085648267;2046212.89298191;1798273.10668273;3583479.41324193
32;江苏省;7442222.37178677;4187037.18095244;11082528.101951;5267126.17721144;18764993.407149
33;浙江省;6614407.38572668;3085366.30958729;8641055.24198277;2860022.06526797;17231111.7553357
34;安徽省;5973911.29622235;2095012.49230816;3674951.43844373;988321.691311354;4833721.84818716
35;福建省;6326063.12480869;2181973.04358531;3338814.35406805;526216.050653253;3031043.95818235
36;江西省;5517714.86016458;2332679.46204886;7318448.43962944;1710716.53769286;10473303.0598761
37;山东省;7391573.16410119;4936944.28839106;9358393.46647639;1395976.66906567;3247847.91942203
41;河南省;4963873.38002713;3438598.74041748;5766887.28277791;1146638.62255796;4301280.65493768
42;湖北省;7949212.7867345;3709093.66310826;4468548.76316026;589632.662824445;3602950.90772116
43;湖南省;5576336.77155604;1592397.23915913;2790808.65480675;539339.939163101;2706238.52440281
44;广东省;10509772.4376469;4346575.18011873;8092952.77489635;2754387.89927804;7147930.3352212
45;广西壮族自治区;6430744.51328441;2238224.54213164;1955784.93740406;217461.845139311;1442685.51847239
46;海南省;1622345.47181291;260798.969179855;480122.603306255;77513.225743778;250836.311103596
50;重庆市;4143756.73215036;1053848.85699466;6243061.18383073;425065.845056566;4414774.52199259
51;四川省;10574789.5793943;3296533.0163981;6402113.14847416;1619263.34259263;6897589.1571647
52;贵州省;6957647.38360429;1518779.5361424;2098363.85219378;293378.200624443;1296300.0796873
53;云南省;7381312.51158489;2687509.68279399;4448446.46416181;576976.909942955;28208590.5702696
54;西藏自治区;477922.285734721;190587.958354118;421169.810317275;38484.7329701381;1082636.66938011
61;陕西省;6995908.87577723;2014001.66290406;2012142.18357562;922124.796804736;14890536.9003504
62;甘肃省;5276277.05363478;1204281.19513574;1440101.04881458;148015.5223935;2107459.1676257
63;青海省;2726644.56468525;529904.745314308;1118731.99785627;124809.194286667;3627575.97804926
64;宁夏回族自治区;2160244.92135047;643888.935441462;900773.908717417;324039.452768208;436728.746000072
65;新疆维吾尔自治区;8341155.59211264;1181287.72979978;3095199.99626226;382199.100600066;13848213.6405309
81;香港特别行政区;488229.34168178;16676.4711704131;20833.6056488412;83716.8762769105;40512.5023665574
82;澳门特别行政区;0;0;0;4572.76916505655;18623.0121601637