ad_code;province;1;2;3;4;5
11;北京市;2207809.49131996;2016029.74127046;4337098.80502765;4382881.39215186;16719822.546118
12;天津市;3092380.26363929;1481118.50130837;3253580.98663151;2883724.86774086;12408122.1660558
13;河北省;14966465.6001876;10997316.405745;18236477.5051499;5954354.52779735;58368255.1064265
14;山西省;11905663.2656493;7335696.8171138;11490230.2655972;4278634.0752692;41411128.0523196
15;内蒙古自治区;13935798.661809;13085285.4765839;15276625.5227862;5035765.56803382;59766263.1419832
21;辽宁省;8673950.46940483;6182182.65211253;13060444.4738438;7187905.81346636;36852606.6322875
22;吉林省;8814113.42743974;3882853.12024981;6168214.80484489;4350496.25392414;31486767.9561551
23;黑龙江省;10435197.7221226;3938266.60048727;10248601.9293718;2431838.28575511;49426323.0070878
31;上海市;1916779.23370896;1408236.29210189;2846363.95122654;5463618.33887645;17957625.0408249
32;江苏省;9950237.56435274;8735677.69536398;21901224.1708088;22104027.3939302;102022173.734501
33;浙江省;9758772.07606155;6055815.32011135;12792080.4172004;13086232.0525463;72364116.7751891
34;安徽省;10144131.8758317;6174244.38117725;12519328.1614926;6684602.53415891;62948806.9857871
35;福建省;10506172.5728643;5060859.16488726;11448773.7934908;2815563.40088366;34017498.5250581
36;江西省;12490633.2844649;6644101.16995517;10731390.334264;5888183.0443206;50622719.0420206
37;山东省;13678511.1023597;11545072.295127;29550403.4008981;14495166.9816765;55430760.7260915
41;河南省;15122695.2319107;9046273.37876097;18843696.5847589;9275490.58215469;58824981.5290218
42;湖北省;13527154.7836315;8977662.57001523;13155908.8752238;4720433.67717497;52124696.5578503
43;湖南省;14115118.7337796;6641419.36622887;12644280.4634845;5396446.32900705;53731684.9663191
44;广东省;20087068.7675519;11611409.4616803;22384776.4706195;13669394.4040825;103296351.403762
45;广西壮族自治区;12375522.5795267;6570025.77949054;10111954.1715866;1932000.9542292;42682884.4427804
46;海南省;2534039.22347876;1366932.8906602;2639006.02596306;594930.968141476;9778974.81139019
50;重庆市;7040623.95177749;1916809.90453039;9271302.42412725;2069159.81581477;27814599.0603981
51;四川省;16311980.6899479;8162727.00584536;17003273.816468;7626447.41761374;78274880.0130178
52;贵州省;14694717.8814216;4425932.04098563;10540557.6997196;1862242.07766332;28874499.1350292
53;云南省;12914243.2133697;7077985.93258975;13020672.735622;2725849.47998344;114580239.854829
54;西藏自治区;5205465.37651026;2126426.43672801;5530041.11422642;292181.064925697;20285361.7949606
61;陕西省;11339974.9952756;6570849.83783925;8310393.79133262;3770594.84518212;40529612.2250181
62;甘肃省;10351850.2851761;4740900.51670731;7703899.43251912;1115726.72801563;30424661.9435771
63;青海省;8455247.38666695;3020088.32579767;4983576.83685566;556507.015294098;13463306.7316473
64;宁夏回族自治区;3812663.70447579;1707747.77337886;2965117.29267088;2541045.21015519;10522468.1315594
65;新疆维吾尔自治区;19570618.380101;8004302.23618236;13896017.6603852;3143774.62387748;68161347.6273488
81;香港特别行政区;567313.486806043;37458.0122524969;271836.902192409;866188.908480669;2163614.98477589
82;澳门特别行政区;0;0;0;163535.606602308;190126.293045814