ad_code;province;1;2;3;4;5
11;北京市;1299897.77035585;1258028.21916606;3201619.04964264;908970.157439152;3618564.09663991
12;天津市;2563205.70580359;968845.661709251;2631406.05890769;123507.448940678;1003883.14341128
13;河北省;11781115.4447412;9079692.02670245;13694012.9676926;322948.829766501;29746667.5395307
14;山西省;11403941.5281184;5863613.3124091;9603572.20573143;511836.617046502;27996559.8956056
15;内蒙古自治区;13668611.476079;11861382.1879224;13028052.0104272;641470.384833475;40299568.3554977
21;辽宁省;8368103.80379251;4690719.9416555;9158338.52582783;351983.929097045;4364721.44616793
22;吉林省;8293282.36790163;3224906.08311462;4784689.8160429;2052505.29631127;20275487.8377332
23;黑龙江省;8907477.457447;3262753.21137378;8462953.01467289;637245.799033452;25022216.2262965
31;上海市;1676974.52160286;518626.409888369;1890016.0900941;1522950.25835728;2659144.78598002
32;江苏省;9380991.71671256;6239967.5482157;17285149.1556691;2933253.63297702;24979408.3719469
33;浙江省;9052976.3688934;4503603.29080983;8203233.16575926;1317209.829805;19107950.1582044
34;安徽省;9065737.46880669;5114840.24144049;10106435.4188579;1186298.14853001;42895316.2246561
35;福建省;9632900.96285751;3786168.05754284;8772194.71424093;442636.400881075;18987192.2193684
36;江西省;11864549.2295126;5700409.176822;8564663.65372323;2584885.47988497;40571517.4106676
37;山东省;12346551.4212332;10249695.7869331;22026945.3608079;561334.183077692;13954645.8744628
41;河南省;13257144.235731;7593223.38995026;15909541.5328755;717905.360598606;33822195.7954733
42;湖北省;12900405.9234685;6921538.70521307;10759824.2281804;532592.27549855;29184544.1583462
43;湖南省;13056350.2228348;5357144.6498871;10383254.0426766;2034590.74092971;39002614.768491
44;广东省;17266115.0452888;8789843.43660315;18076119.3978193;1776468.02191496;56445097.4984521
45;广西壮族自治区;11251340.8078345;5475221.64626242;8321317.82998332;75801.6420258989;31353448.0401044
46;海南省;1981162.41572585;1142560.62469706;1908933.02695593;49394.511270087;6877174.35339412
50;重庆市;5400851.68375174;1529332.26383657;7359756.36877711;359126.762218527;17992542.4718812
51;四川省;14343915.8752212;6577778.89700111;13230692.7109672;752789.226263183;37606106.1809801
52;贵州省;12296975.6251852;3229815.57584341;8088588.704488;422466.852681908;20379837.7600624
53;云南省;11151790.2515299;6323293.94084448;11294443.5620985;607309.089447044;69706254.7465377
54;西藏自治区;4229278.65338093;2092950.93506052;5429914.14245658;7434.90078973406;16109507.0616722
61;陕西省;9631632.57452523;5282816.025542;6090482.14902516;776657.36962353;16310719.2857171
62;甘肃省;9256096.2265237;4253166.40413748;6736447.90966337;24363.9659727359;23271114.9253216
63;青海省;6523000.81925522;2819271.50133124;4720149.10469214;129111.529370249;8815870.97982025
64;宁夏回族自治区;3497257.68092012;1354482.69020591;2080445.35421682;111569.708781704;3242383.09935854
65;新疆维吾尔自治区;18775153.1016923;7303780.97815896;12395108.1036348;299338.706180187;49356782.5766251
81;香港特别行政区;442737.755680676;10594.8849686276;0;136.415509125295;1018.40746123429
82;澳门特别行政区;0;0;0;0;0