ad_code;province;1;2;3;4;5
11;北京市;36;135;787;3334;12837
12;天津市;19;80;490;2180;8179
13;河北省;8;373;1771;4473;15142
14;山西省;0;239;819;3309;7635
15;内蒙古自治区;9;102;559;4223;10596
21;辽宁省;7;252;1057;5020;12874
22;吉林省;13;73;254;1542;4989
23;黑龙江省;10;118;556;1751;7859
31;上海市;8;148;795;4985;19877
32;江苏省;3;538;3080;18707;52744
33;浙江省;14;361;1718;9843;37953
34;安徽省;0;426;1566;5339;25931
35;福建省;6;244;1019;2267;8889
36;江西省;0;263;807;3280;8206
37;山东省;16;403;4149;12422;34599
41;河南省;3;321;1331;6324;23173
42;湖北省;5;282;991;3825;14633
43;湖南省;3;196;897;2786;11393
44;广东省;50;717;2592;12384;28694
45;广西壮族自治区;1;289;574;1419;7459
46;海南省;16;63;299;543;1870
50;重庆市;4;141;598;1319;6940
51;四川省;11;341;1124;5118;22850
52;贵州省;19;200;763;979;5015
53;云南省;21;220;515;2088;8347
54;西藏自治区;13;18;19;284;1442
61;陕西省;2;130;459;1901;8698
62;甘肃省;11;106;306;908;6361
63;青海省;4;47;123;313;2329
64;宁夏回族自治区;0;61;228;1682;3663
65;新疆维吾尔自治区;7;98;450;2482;12028
81;香港特别行政区;30;3;220;1314;2565
82;澳门特别行政区;0;0;0;82;111