ad_code;province;1;2;3;4;5
11;北京市;968;3377;11075;17923;34931
12;天津市;1217;1787;5196;9061;19512
13;河北省;1990;10881;20615;14532;36782
14;山西省;1467;6812;11568;10067;23447
15;内蒙古自治区;1055;5335;7895;10794;21484
21;辽宁省;1077;7227;12759;13663;22204
22;吉林省;1413;2831;4556;4659;11452
23;黑龙江省;938;2494;5240;3451;11381
31;上海市;760;2404;8755;22766;39240
32;江苏省;2062;10306;36621;74546;125916
33;浙江省;1846;10133;28503;51530;166816
34;安徽省;1035;7004;17069;21270;57313
35;福建省;1147;5527;13737;8625;40740
36;江西省;1419;5671;10166;10696;22701
37;山东省;1756;12256;38518;31661;61327
41;河南省;2026;9996;21402;25708;57643
42;湖北省;1691;7638;11233;12677;34733
43;湖南省;1450;7043;13604;12593;39806
44;广东省;3868;13190;28486;42889;86274
45;广西壮族自治区;850;5730;8340;5939;27574
46;海南省;517;1929;2757;2032;7142
50;重庆市;984;2514;10548;5555;30266
51;四川省;2517;8519;17455;21743;72955
52;贵州省;1686;4164;8980;3458;20387
53;云南省;1981;5647;7921;6903;27870
54;西藏自治区;618;418;549;987;2961
61;陕西省;1001;6030;8965;8444;31304
62;甘肃省;896;3789;5247;3066;20198
63;青海省;426;1452;1822;1263;6755
64;宁夏回族自治区;445;2077;3074;4730;7924
65;新疆维吾尔自治区;951;3203;6807;6611;21851
81;香港特别行政区;720;34;763;2127;1724
82;澳门特别行政区;0;0;0;179;61