ad_code;province;1;2;3;4;5
11;北京市;981;3415;11163;17975;34745
12;天津市;1219;1824;5187;9066;19477
13;河北省;2067;11006;20841;14504;36385
14;山西省;1598;6846;11569;10238;23111
15;内蒙古自治区;1165;5488;8026;10759;21131
21;辽宁省;1151;7266;12872;13842;21802
22;吉林省;1459;2835;4632;4678;11308
23;黑龙江省;1028;2448;5372;3474;11182
31;上海市;778;2446;8862;22747;39095
32;江苏省;2126;10549;36889;74718;125182
33;浙江省;1898;10164;28768;51730;166290
34;安徽省;1074;7064;17195;21358;57014
35;福建省;1300;5712;14141;8642;39982
36;江西省;1451;5833;10216;10622;22539
37;山东省;1852;12430;38651;31608;60977
41;河南省;2153;10038;21713;25877;56994
42;湖北省;1796;7768;11307;12797;34305
43;湖南省;1556;7150;13778;12661;39359
44;广东省;4040;13413;28981;43110;85174
45;广西壮族自治区;937;5772;8375;5979;27373
46;海南省;553;1911;2829;2077;7007
50;重庆市;1039;2582;10824;5540;29885
51;四川省;2766;8706;17736;21767;72219
52;贵州省;1824;4165;9133;3455;20108
53;云南省;2127;5692;8184;6866;27458
54;西藏自治区;615;438;552;1003;2927
61;陕西省;1160;6128;9081;8324;31053
62;甘肃省;976;3806;5320;3127;19969
63;青海省;443;1495;1850;1246;6686
64;宁夏回族自治区;479;2030;3148;4680;7913
65;新疆维吾尔自治区;1045;3225;6967;6706;21480
81;香港特别行政区;735;36;787;2085;1741
82;澳门特别行政区;0;0;0;179;61