ad_code;province;1;2;3;4;5
11;北京市;5415;9696;28231;43539;130789
12;天津市;4935;7227;17550;23785;88170
13;河北省;14157;55803;90111;51555;281412
14;山西省;10271;28852;42561;31747;126684
15;内蒙古自治区;8781;26229;32569;33133;119489
21;辽宁省;7782;28206;58498;52896;169276
22;吉林省;9902;13562;21343;24806;102396
23;黑龙江省;7968;12821;27260;18717;132360
31;上海市;4015;7085;21606;46239;155200
32;江苏省;10500;39822;121024;188227;582935
33;浙江省;11881;29864;69076;108328;426497
34;安徽省;7590;26757;56651;51741;241658
35;福建省;16683;23678;49398;26866;144325
36;江西省;9459;26091;42802;38324;153479
37;山东省;12981;62046;169709;121684;326699
41;河南省;12600;43323;92368;75836;287392
42;湖北省;11899;36064;54154;41594;198388
43;湖南省;12364;26683;51903;39697;194396
44;广东省;23119;61259;118327;143883;621051
45;广西壮族自治区;8687;24439;32459;18738;137971
46;海南省;2671;6589;11702;5923;37381
50;重庆市;8390;7816;31594;16522;96289
51;四川省;16723;30537;55491;58580;284446
52;贵州省;16485;14581;31552;11033;81419
53;云南省;13015;18967;29837;22177;182974
54;西藏自治区;3364;1799;3443;2624;12629
61;陕西省;16453;24268;32145;27531;127998
62;甘肃省;7141;12999;18253;9285;64527
63;青海省;3861;4906;6824;3246;22740
64;宁夏回族自治区;3188;5939;9125;13508;29752
65;新疆维吾尔自治区;9039;11866;25769;21599;135325
81;香港特别行政区;2321;144;2447;8595;18500
82;澳门特别行政区;0;0;0;1778;2441