# UniDB_HERE_MEA16Q1_1.0.0.467919-20161205230752-RC
[carto_id_polygon_clipper]
38273283
38273826
38535215
38863631
38929431
38994434
38994809
39060103
1403858120
1403858231
1406611599
1406678156
1406678725
1406681276
1406681652
1406681703
1406802762
1406803482
1406807893
1406906602
1406922307
1406952684
1406952823
1408761912
1408864612
1413058398
1413323782
1414485514
1414485981
1414508905
1414615269
1414848451
1415443334
1415443517
1415443707
1415443719
1415443912
1415444055
1415444071
1415444078
1415444385
1415444538
1415444551
1415444601
1415444617
1415444640
1415444744
1415444975
1416151867
1416326105
1416326106
1416326107
1416562847
1417029458
1417032819
1417052791
1417056046
1417057218
1417097222
1417098574
1417101398
1417103070
1417103071
1417108443
1417196877
1417621554
1419025461
1419467186
1419680304
1424701083
1428204323
1428204324
1472271963
1475627128
1494669948
1495406417
1495934811
1496084399
1498466957
1503956923
1505269944
1507392918
1507486548
1507486549
1515297403
1516893471
1516949650
1517925342
1518145351
1518542036
1518819973
1518820997
1519706752
1520107341
1521566400
