 prn_code |     prn_name     | fc |  cnt   
 430000   | 湖南省           | 1  |  12364
 120000   | 天津市           | 3  |  17550
 330000   | 浙江省           | 3  |  69076
 450000   | 广西壮族自治区   | 3  |  32459
 610000   | 陕西省           | 2  |  24268
 420000   | 湖北省           | 4  |  41594
 370000   | 山东省           | 1  |  12981
 210000   | 辽宁省           | 3  |  58498
 610000   | 陕西省           | 5  | 127998
 320000   | 江苏省           | 1  |  10500
 360000   | 江西省           | 3  |  42802
 820000   | 澳门特别行政区   | 4  |   1778
 510000   | 四川省           | 3  |  55491
 220000   | 吉林省           | 1  |   9902
 140000   | 山西省           | 3  |  42561
 620000   | 甘肃省           | 1  |   7141
 620000   | 甘肃省           | 2  |  12999
 220000   | 吉林省           | 5  | 102396
 360000   | 江西省           | 4  |  38324
 620000   | 甘肃省           | 5  |  64527
 510000   | 四川省           | 4  |  58580
 220000   | 吉林省           | 2  |  13562
 320000   | 江苏省           | 5  | 582935
 140000   | 山西省           | 4  |  31747
 320000   | 江苏省           | 2  |  39822
 370000   | 山东省           | 5  | 326699
 330000   | 浙江省           | 4  | 108328
 120000   | 天津市           | 4  |  23785
 370000   | 山东省           | 2  |  62046
 610000   | 陕西省           | 1  |  16453
 430000   | 湖南省           | 5  | 194396
 420000   | 湖北省           | 3  |  54154
 450000   | 广西壮族自治区   | 4  |  18738
 430000   | 湖南省           | 2  |  26683
 210000   | 辽宁省           | 4  |  52896
 130000   | 河北省           | 4  |  51555
 640000   | 宁夏回族自治区   | 3  |   9125
 410000   | 河南省           | 4  |  75836
 500000   | 重庆市           | 5  |  96289
 340000   | 安徽省           | 4  |  51741
 310000   | 上海市           | 4  |  46239
 520000   | 贵州省           | 4  |  11033
 500000   | 重庆市           | 2  |   7816
 350000   | 福建省           | 1  |  16683
 230000   | 黑龙江省         | 3  |  27260
 460000   | 海南省           | 4  |   5923
 530000   | 云南省           | 1  |  13015
 810000   | 香港特别行政区   | 5  |  18500
 630000   | 青海省           | 4  |   3246
 810000   | 香港特别行政区   | 2  |    144
 150000   | 内蒙古自治区     | 3  |  32569
 110000   | 北京市           | 1  |   5415
 540000   | 西藏自治区       | 1  |   3364
 440000   | 广东省           | 4  | 143883
 650000   | 新疆维吾尔自治区 | 1  |   9039
 650000   | 新疆维吾尔自治区 | 2  |  11866
 110000   | 北京市           | 5  | 130789
 540000   | 西藏自治区       | 2  |   1799
 150000   | 内蒙古自治区     | 4  |  33133
 650000   | 新疆维吾尔自治区 | 5  | 135325
 630000   | 青海省           | 3  |   6824
 110000   | 北京市           | 2  |   9696
 540000   | 西藏自治区       | 5  |  12629
 810000   | 香港特别行政区   | 1  |   2321
 440000   | 广东省           | 3  | 118327
 530000   | 云南省           | 2  |  18967
 130000   | 河北省           | 3  |  90111
 640000   | 宁夏回族自治区   | 4  |  13508
 350000   | 福建省           | 2  |  23678
 410000   | 河南省           | 3  |  92368
 500000   | 重庆市           | 1  |   8390
 530000   | 云南省           | 5  | 182974
 350000   | 福建省           | 5  | 144325
 230000   | 黑龙江省         | 4  |  18717
 460000   | 海南省           | 3  |  11702
 520000   | 贵州省           | 3  |  31552
 340000   | 安徽省           | 3  |  56651
 310000   | 上海市           | 3  |  21606
 410000   | 河南省           | 5  | 287392
 130000   | 河北省           | 5  | 281412
 410000   | 河南省           | 2  |  43323
 350000   | 福建省           | 3  |  49398
 230000   | 黑龙江省         | 1  |   7968
 130000   | 河北省           | 2  |  55803
 530000   | 云南省           | 3  |  29837
 520000   | 贵州省           | 2  |  14581
 310000   | 上海市           | 2  |   7085
 340000   | 安徽省           | 2  |  26757
 460000   | 海南省           | 5  |  37381
 310000   | 上海市           | 5  | 155200
 340000   | 安徽省           | 5  | 241658
 460000   | 海南省           | 2  |   6589
 520000   | 贵州省           | 5  |  81419
 640000   | 宁夏回族自治区   | 1  |   3188
 500000   | 重庆市           | 4  |  16522
 630000   | 青海省           | 2  |   4906
 110000   | 北京市           | 3  |  28231
 540000   | 西藏自治区       | 3  |   3443
 630000   | 青海省           | 5  |  22740
 650000   | 新疆维吾尔自治区 | 3  |  25769
 810000   | 香港特别行政区   | 4  |   8595
 440000   | 广东省           | 5  | 621051
 440000   | 广东省           | 2  |  61259
 150000   | 内蒙古自治区     | 1  |   8781
 150000   | 内蒙古自治区     | 2  |  26229
 540000   | 西藏自治区       | 4  |   2624
 650000   | 新疆维吾尔自治区 | 4  |  21599
 810000   | 香港特别行政区   | 3  |   2447
 440000   | 广东省           | 1  |  23119
 110000   | 北京市           | 4  |  43539
 150000   | 内蒙古自治区     | 5  | 119489
 630000   | 青海省           | 1  |   3861
 640000   | 宁夏回族自治区   | 2  |   5939
 350000   | 福建省           | 4  |  26866
 460000   | 海南省           | 1  |   2671
 530000   | 云南省           | 4  |  22177
 640000   | 宁夏回族自治区   | 5  |  29752
 520000   | 贵州省           | 1  |  16485
 340000   | 安徽省           | 1  |   7590
 310000   | 上海市           | 1  |   4015
 130000   | 河北省           | 1  |  14157
 410000   | 河南省           | 1  |  12600
 500000   | 重庆市           | 3  |  31594
 230000   | 黑龙江省         | 2  |  12821
 230000   | 黑龙江省         | 5  | 132360
 450000   | 广西壮族自治区   | 1  |   8687
 370000   | 山东省           | 3  | 169709
 210000   | 辽宁省           | 1  |   7782
 420000   | 湖北省           | 2  |  36064
 610000   | 陕西省           | 4  |  27531
 430000   | 湖南省           | 3  |  51903
 120000   | 天津市           | 1  |   4935
 330000   | 浙江省           | 1  |  11881
 420000   | 湖北省           | 5  | 198388
 220000   | 吉林省           | 3  |  21343
 140000   | 山西省           | 1  |  10271
 620000   | 甘肃省           | 3  |  18253
 820000   | 澳门特别行政区   | 5  |   2441
 360000   | 江西省           | 1  |   9459
 320000   | 江苏省           | 3  | 121024
 510000   | 四川省           | 1  |  16723
 510000   | 四川省           | 5  | 284446
 620000   | 甘肃省           | 4  |   9285
 360000   | 江西省           | 5  | 153479
 220000   | 吉林省           | 4  |  24806
 510000   | 四川省           | 2  |  30537
 360000   | 江西省           | 2  |  26091
 140000   | 山西省           | 5  | 126684
 320000   | 江苏省           | 4  | 188227
 140000   | 山西省           | 2  |  28852
 120000   | 天津市           | 2  |   7227
 330000   | 浙江省           | 2  |  29864
 330000   | 浙江省           | 5  | 426497
 420000   | 湖北省           | 1  |  11899
 120000   | 天津市           | 5  |  88170
 370000   | 山东省           | 4  | 121684
 210000   | 辽宁省           | 5  | 169276
 450000   | 广西壮族自治区   | 5  | 137971
 210000   | 辽宁省           | 2  |  28206
 430000   | 湖南省           | 4  |  39697
 450000   | 广西壮族自治区   | 2  |  24439
 610000   | 陕西省           | 3  |  32145

