 prn_code |     prn_name     | fc |  cnt   
 110000   | 北京市           | 1  |    981
 110000   | 北京市           | 2  |   3415
 110000   | 北京市           | 3  |  11163
 110000   | 北京市           | 4  |  17975
 110000   | 北京市           | 5  |  34745
 120000   | 天津市           | 1  |   1219
 120000   | 天津市           | 2  |   1824
 120000   | 天津市           | 3  |   5187
 120000   | 天津市           | 4  |   9066
 120000   | 天津市           | 5  |  19477
 130000   | 河北省           | 1  |   2067
 130000   | 河北省           | 2  |  11006
 130000   | 河北省           | 3  |  20841
 130000   | 河北省           | 4  |  14504
 130000   | 河北省           | 5  |  36385
 140000   | 山西省           | 1  |   1598
 140000   | 山西省           | 2  |   6846
 140000   | 山西省           | 3  |  11569
 140000   | 山西省           | 4  |  10238
 140000   | 山西省           | 5  |  23111
 150000   | 内蒙古自治区     | 1  |   1165
 150000   | 内蒙古自治区     | 2  |   5488
 150000   | 内蒙古自治区     | 3  |   8026
 150000   | 内蒙古自治区     | 4  |  10759
 150000   | 内蒙古自治区     | 5  |  21131
 210000   | 辽宁省           | 1  |   1151
 210000   | 辽宁省           | 2  |   7266
 210000   | 辽宁省           | 3  |  12872
 210000   | 辽宁省           | 4  |  13842
 210000   | 辽宁省           | 5  |  21802
 220000   | 吉林省           | 1  |   1459
 220000   | 吉林省           | 2  |   2835
 220000   | 吉林省           | 3  |   4632
 220000   | 吉林省           | 4  |   4678
 220000   | 吉林省           | 5  |  11308
 230000   | 黑龙江省         | 1  |   1028
 230000   | 黑龙江省         | 2  |   2448
 230000   | 黑龙江省         | 3  |   5372
 230000   | 黑龙江省         | 4  |   3474
 230000   | 黑龙江省         | 5  |  11182
 310000   | 上海市           | 1  |    778
 310000   | 上海市           | 2  |   2446
 310000   | 上海市           | 3  |   8862
 310000   | 上海市           | 4  |  22747
 310000   | 上海市           | 5  |  39095
 320000   | 江苏省           | 1  |   2126
 320000   | 江苏省           | 2  |  10549
 320000   | 江苏省           | 3  |  36889
 320000   | 江苏省           | 4  |  74718
 320000   | 江苏省           | 5  | 125182
 330000   | 浙江省           | 1  |   1898
 330000   | 浙江省           | 2  |  10164
 330000   | 浙江省           | 3  |  28768
 330000   | 浙江省           | 4  |  51730
 330000   | 浙江省           | 5  | 166290
 340000   | 安徽省           | 1  |   1074
 340000   | 安徽省           | 2  |   7064
 340000   | 安徽省           | 3  |  17195
 340000   | 安徽省           | 4  |  21358
 340000   | 安徽省           | 5  |  57014
 350000   | 福建省           | 1  |   1300
 350000   | 福建省           | 2  |   5712
 350000   | 福建省           | 3  |  14141
 350000   | 福建省           | 4  |   8642
 350000   | 福建省           | 5  |  39982
 360000   | 江西省           | 1  |   1451
 360000   | 江西省           | 2  |   5833
 360000   | 江西省           | 3  |  10216
 360000   | 江西省           | 4  |  10622
 360000   | 江西省           | 5  |  22539
 370000   | 山东省           | 1  |   1852
 370000   | 山东省           | 2  |  12430
 370000   | 山东省           | 3  |  38651
 370000   | 山东省           | 4  |  31608
 370000   | 山东省           | 5  |  60977
 410000   | 河南省           | 1  |   2153
 410000   | 河南省           | 2  |  10038
 410000   | 河南省           | 3  |  21713
 410000   | 河南省           | 4  |  25877
 410000   | 河南省           | 5  |  56994
 420000   | 湖北省           | 1  |   1796
 420000   | 湖北省           | 2  |   7768
 420000   | 湖北省           | 3  |  11307
 420000   | 湖北省           | 4  |  12797
 420000   | 湖北省           | 5  |  34305
 430000   | 湖南省           | 1  |   1556
 430000   | 湖南省           | 2  |   7150
 430000   | 湖南省           | 3  |  13778
 430000   | 湖南省           | 4  |  12661
 430000   | 湖南省           | 5  |  39359
 440000   | 广东省           | 1  |   4040
 440000   | 广东省           | 2  |  13413
 440000   | 广东省           | 3  |  28981
 440000   | 广东省           | 4  |  43110
 440000   | 广东省           | 5  |  85174
 450000   | 广西壮族自治区   | 1  |    937
 450000   | 广西壮族自治区   | 2  |   5772
 450000   | 广西壮族自治区   | 3  |   8375
 450000   | 广西壮族自治区   | 4  |   5979
 450000   | 广西壮族自治区   | 5  |  27373
 460000   | 海南省           | 1  |    553
 460000   | 海南省           | 2  |   1911
 460000   | 海南省           | 3  |   2829
 460000   | 海南省           | 4  |   2077
 460000   | 海南省           | 5  |   7007
 500000   | 重庆市           | 1  |   1039
 500000   | 重庆市           | 2  |   2582
 500000   | 重庆市           | 3  |  10824
 500000   | 重庆市           | 4  |   5540
 500000   | 重庆市           | 5  |  29885
 510000   | 四川省           | 1  |   2766
 510000   | 四川省           | 2  |   8706
 510000   | 四川省           | 3  |  17736
 510000   | 四川省           | 4  |  21767
 510000   | 四川省           | 5  |  72219
 520000   | 贵州省           | 1  |   1824
 520000   | 贵州省           | 2  |   4165
 520000   | 贵州省           | 3  |   9133
 520000   | 贵州省           | 4  |   3455
 520000   | 贵州省           | 5  |  20108
 530000   | 云南省           | 1  |   2127
 530000   | 云南省           | 2  |   5692
 530000   | 云南省           | 3  |   8184
 530000   | 云南省           | 4  |   6866
 530000   | 云南省           | 5  |  27458
 540000   | 西藏自治区       | 1  |    615
 540000   | 西藏自治区       | 2  |    438
 540000   | 西藏自治区       | 3  |    552
 540000   | 西藏自治区       | 4  |   1003
 540000   | 西藏自治区       | 5  |   2927
 610000   | 陕西省           | 1  |   1160
 610000   | 陕西省           | 2  |   6128
 610000   | 陕西省           | 3  |   9081
 610000   | 陕西省           | 4  |   8324
 610000   | 陕西省           | 5  |  31053
 620000   | 甘肃省           | 1  |    976
 620000   | 甘肃省           | 2  |   3806
 620000   | 甘肃省           | 3  |   5320
 620000   | 甘肃省           | 4  |   3127
 620000   | 甘肃省           | 5  |  19969
 630000   | 青海省           | 1  |    443
 630000   | 青海省           | 2  |   1495
 630000   | 青海省           | 3  |   1850
 630000   | 青海省           | 4  |   1246
 630000   | 青海省           | 5  |   6686
 640000   | 宁夏回族自治区   | 1  |    479
 640000   | 宁夏回族自治区   | 2  |   2030
 640000   | 宁夏回族自治区   | 3  |   3148
 640000   | 宁夏回族自治区   | 4  |   4680
 640000   | 宁夏回族自治区   | 5  |   7913
 650000   | 新疆维吾尔自治区 | 1  |   1045
 650000   | 新疆维吾尔自治区 | 2  |   3225
 650000   | 新疆维吾尔自治区 | 3  |   6967
 650000   | 新疆维吾尔自治区 | 4  |   6706
 650000   | 新疆维吾尔自治区 | 5  |  21480
 810000   | 香港特别行政区   | 1  |    735
 810000   | 香港特别行政区   | 2  |     36
 810000   | 香港特别行政区   | 3  |    787
 810000   | 香港特别行政区   | 4  |   2085
 810000   | 香港特别行政区   | 5  |   1741
 820000   | 澳门特别行政区   | 4  |    179
 820000   | 澳门特别行政区   | 5  |     61

