[carto_id_polygon_clipper]
16790095
16790107
16790119
16790140
16790698
16790993
16845574
16855843
16909467
17046123
17267455
17270672
17302310
18092233
19798146
19798173
19798191
19798201
19798202
19798272
19798310
19798333
19798349
19798374
19798378
19798480
19798486
19798497
19798604
19798933
19798934
19799041
19799089
19799130
19799146
19799148
19799206
19799208
19799414
19799468
19799476
19799485
19799496
19799501
19799505
19799654
19799673
19799681
19799687
19799694
19799721
19799727
19799728
19799729
19799734
19799748
19799761
19799762
19799778
19799793
19800065
19800068
19800069
19800071
19800073
19800074
19800075
19800077
19800082
19800088
19800094
19800101
19800106
19800108
19800111
19800113
19800114
19800122
19800123
19800124
19800127
19800128
19800129
19800131
19800132
19800134
19800137
19800138
19800140
19800141
19800146
19800147
19800149
19800150
19800153
19800163
19800164
19800171
19800172
19800173
19800174
19800175
19800183
19800184
19800186
19800187
19800191
19800192
19800203
19800204
19800213
19800214
19800215
19800217
19800219
19800221
19800224
19800225
19800232
19800234
19800235
19800237
19800246
19800247
19800264
19800265
19800266
19800267
19800273
19800274
19800278
19800281
19800286
19800287
19800288
19800289
19800290
19800291
19800294
19800326
19800327
19800329
19800348
19800358
19800359
19800374
19800379
19800380
19800388
19800396
19800419
19800420
19800421
19800422
19800424
19800425
19800426
19800428
19800429
19800445
19800448
19800449
19800450
19800891
19803646
19804465
19806645
19806646
19806683
19808144
19808158
23003165
23003180
23003195
23003198
23003216
23003217
23003234
23003259
23003263
23003268
23003381
23003400
23003431
23003449
23003452
23003459
23003536
23003567
23003580
23003588
23003597
23003600
23003606
23003656
23003659
23003665
23003666
23003676
23003680
23003703
23003720
23003751
23003771
23003774
23003778
23003779
23003787
23003788
23003789
23003816
23003831
23003845
23003863
23003876
23003877
23003882
23003893
23003924
23003936
23003951
23003955
23004017
23004084
23004111
23004128
23004130
23004139
23004153
23004155
23004176
23004177
23004184
23004188
23004197
23004198
23004202
23004206
23004215
23004237
23004243
23004307
23004324
23004347
23004369
23004379
23004425
23004430
23004436
23396754
23397116
23397188
23397194
23397221
23397279
23397351
23397530
23397556
23397561
23397575
23397640
23397798
23397902
23397987
23398004
23398060
23398087
23398180
23398193
23398220
23398248
23398266
26477511
26481631
26482147
26492737
26494494
26496546
26501411
26502942
26509091
26509769
26509771
30613754
30614707
30621354
30622647
30623393
30625923
30627299
30813730
30815402
30936258
30958540
30960931
30961742
30963089
30965376
30968533
30974017
31007642
31069281
31069641
31069653
31069669
31069675
31091550
31102697
31104416
31107250
31113712
31261084
31265195
31286298
31352428
31357908
31392275
31398982
31400722
31401660
31402056
31402835
31462767
31465911
31471200
31476525
31476988
32115309
32178882
32223869
32224100
32441443
32705506
32705552
32705738
33358684
33359418
33359749
34480532
34480625
34481614
34561107
34561502
34561701
34674149
34677366
34679847
34682153
34683286
34687201
34688762
34691864
34799629
34800791
34806925
34807506
34809916
34809918
34813908
34817381
34817386
34877624
34878102
34882854
34885979
34885996
34935249
34936686
34938771
34940158
34941075
34941683
34941947
34943952
34943953
35001550
35008422
35014151
35018499
35021384
35026565
35026731
35029261
35029481
35029520
35063723
35069180
35160668
35162883
35167212
35169866
35170076
35170215
35193240
35193651
35202837
35204783
35207417
35207453
35207558
35207564
35218525
35224306
35228216
35267986
35268093
35271004
35271096
35276921
35279172
35404763
35454978
35463260
35463271
35484471
35534818
35542909
35675417
35679003
35682906
35689525
35691411
38340544
38340866
38341110
38341135
38341562
38341612
38342213
38342226
38342341
38342342
38342343
38342344
38342346
38342348
38342349
38342353
38342992
38343330
38343808
38343836
38344083
38344739
38345116
38345348
38345453
38345528
38345732
38345814
38345858
38346268
38347260
38347309
38347332
38347551
38351110
38351130
38365585
38365587
38366273
38366316
38366353
38367029
38367576
38367992
38368235
38368260
38368261
38368336
38368384
38368435
38368476
38368931
38369304
38369333
38369376
38369400
38369713
38369799
38369893
38370071
38370192
38370203
38371174
38371448
38371531
38371535
38371566
38371579
38371582
38371649
38371663
38371675
38371691
38371829
38371838
38371853
38371854
38371890
38371900
38371902
38371917
38371934
38371940
38372278
38372285
38372336
38372493
38372527
38372706
38372822
38372848
38372942
38372984
38373061
38373140
38373180
38373184
38373202
38373218
38373239
38373301
38373327
38373339
38373340
38373341
38373372
38373378
38373381
38373390
38373415
38373421
38373459
38373496
38373517
38373555
38374519
38374798
38374804
38375659
38375686
38375689
38375905
38376994
38376996
38377435
38471704
38472216
38472270
38472360
38472524
38472635
38472678
38472788
38472874
38472877
38472895
38473133
38473182
38473357
38473379
38473394
38473453
38473560
38473582
38473585
38473593
38473594
38473599
38473618
38473632
38473633
38473637
38473639
38473687
38473711
38473714
38473723
38473727
38473742
38473753
38473765
38473767
38473771
38473776
38473779
38473784
38473787
38473789
38473797
38473829
38473830
38473832
38473835
38473840
38473853
38473858
38473882
38473888
38473890
38473892
38473896
38473903
38473912
38473948
38474024
38474025
38474028
38474031
38474032
38474048
38474049
38474059
38474061
38474063
38474072
38474078
38474088
38474096
38474109
38474110
38474115
38474117
38474118
38474120
38474121
38474122
38474123
38474126
38474127
38474128
38474130
38474140
38474143
38474144
38474145
38474146
38474147
38474149
38474150
38474151
38474152
38474154
38474155
38474156
38474161
38474174
38474310
38474378
38474379
38474381
38474397
38474445
38474446
38474629
38474902
38475032
38475033
38477443
38478425
38478426
38480025
38480033
38480039
38480042
38480049
38480054
38480076
38480994
38481001
38481006
38481033
38481038
38481043
38481047
38481051
38601418
38601477
38601478
38601485
38601493
38601501
38601503
38601512
38601517
38601543
38601544
38601545
38601556
38601561
38601568
38601579
38601587
38601590
38601592
38601593
38601594
38601604
38601616
38601617
38666963
38677231
38677404
39650579
39650917
39651728
39651731
39651820
39651867
39653179
39653414
39653434
39653773
39654717
39655934
39656121
39656503
39656533
39656535
39656579
39656993
42796192
42797037
42797481
42797519
42797541
42797630
42798042
42798636
42798809
42798820
42798925
42798971
42799075
42799084
42799112
42799158
42799305
42799318
42799320
42799682
42799827
42799929
42799933
42799940
42799982
42800021
42800124
42800126
42800224
42800259
42800362
42800657
42800962
42801221
42801256
42801335
42801336
42801365
42801366
42801747
42801777
42802050
1400546374
1400611273
1400612353
1400723234
1400726541
1400916925
1401020812
1401107582
1401134482
1401223029
1401230551
1401254794
1401268075
1401268853
1401274575
1401307176
1401709825
1401743589
1402083717
1402121819
1402127838
1403926124
1403935448
1403945230
1403950317
1403952411
1403954167
1403957037
1403958193
1403958539
1403961563
1403978200
1403986719
1404189466
1404409955
1404416004
1404443125
1405288381
1405390029
1405390099
1405391541
1405585668
1405659106
1405741692
1405742007
1405778875
1405949707
1406055154
1406108430
1406124434
1406124435
1406877403
1407023057
1408455686
1410261472
1410273534
1410273535
1410913169
1410917356
1415855535
1416297331
1417218647
1417643422
1421623459
1421774699
1421774702
1422042437
1423139163
1423182765
1424675928
1426245602
1428250489
1435220199
1435220200
1436113332
1439669521
1439687782
1439693446
1439698921
1441112705
1444076470
1444081823
1444107450
1444898212
1446749636
1447084244
1447092037
1457458640
1457485995
1457496046
1457514144
1457519528
1457551566
1457556485
1457570864
1457589812
1457590444
1457595828
1457601872
1457602246
1457602386
1457608212
1457608485
1457628450
1457635312
1457635386
1457635579
1457635739
1457635829
1457636236
1457636373
1457636405
1457643223
1457644335
1457644353
1457645092
1457645125
1457650194
1457650623
1457650810
1457650870
1457650973
1458493760
1458499235
1458499691
1458499785
1458504154
1458504155
1458504707
1458513230
1458513509
1458515350
1458603462
1458603464
1458638472
1458638530
1458638844
1458673018
1458673466
1458686182
1458694621
1458694965
1458701858
1458701880
1458701911
1458702400
1458712865
1458724378
1458739283
1462108020
1462121896
1462128115
1464244612
1464244868
1465137072
1465163178
1465163903
1466100955
1469296682
1469297142
1469631004
1469631625
1471514996
1471547777
1471877992
1472285423
1472976236
1473574299
1473601760
1473605660
1474198153
1474239570
1474353062
1474421089
1474480202
1475035622
1476041904
1476684235
1477371938
1477558665
1477558685
1477559360
1477562537
1477562582
1477562938
1477562941
1477562981
1477564616
1477578816
1477586056
1477587681
1477587683
1477587686
1477587688
1477592647
1477763263
1477764906
1477765876
1477770469
1477770516
1477901797
1488025476
1488418232
1488450939
1489370497
1489375348
1489458152
1493966937
1494050697
1494050943
1494212459
1494252218
1495285334
1495285455
1495285894
1496123466
1496125421
1496128553
1504696860
1504697925
1504723295
1504724970
1504768592
1504883939
1504883940
1507512906
1507512966
1507514588
1507518712
1507518713
1507519298
1507519299
1507519912
1507520164
1507525193
1507526283
1507553776
1507554849
1507555019
1507555583
1507597198
1507644374
1507818178
1507818316
1508498090
1508976218
1511722448
1512423763
1513361670
1518175646
