ad_code;province;1;2;3;4;5
11;;2198039.35785351;2007052.27343417;4317667.72464813;4363556.72254253;16646134.0794081
12;;3082050.34527701;1476041.11343429;3242162.78877617;2874061.96097716;12365537.8103732
13;;14884702.6458871;10939870.5020246;18145662.6490717;5923424.8153896;58063083.3528483
14;;11770345.2824254;7252886.6847994;11361327.9979267;4230518.51469265;40931167.1775445
15;;13712530.6162642;12997927.157114;15115169.7969971;4972423.79860365;59208898.565017
21;;8666342.71020939;6177173.37339512;13048985.9026297;7182085.31448161;36823531.9658001
22;;8797577.25024213;3875311.83608704;6157319.59667666;4343519.34764007;31424724.5033993
23;;10396633.2879106;3925796.72475147;10208043.9393621;2424277.91861564;49244477.5055033
31;;1916707.73127867;1408256.78627648;2846740.94886165;5464667.90330199;17958309.3934254
32;;9939746.16746617;8725729.60010244;21879040.4784026;22084611.8480378;101913017.44977
33;;9756288.79797981;6053608.73919266;12787665.8465296;13083064.8020247;72344931.4061792
34;;10112137.1041355;6153548.79438627;12477645.9850297;6663163.48177583;62730881.8774503
35;;10484120.659531;5051279.34716806;11425852.7673295;2811107.85360047;33949706.7756525
36;;12419128.4335684;6604659.72813859;10670744.3584076;5851957.72927584;50344170.3546278
37;;13639475.0904751;11513908.5883838;29473772.1961576;14461783.6184735;55288186.7873187
41;;14981724.2060764;8961347.20876902;18672854.4913652;9192117.42697532;58314121.2095918
42;;13370464.7059782;8877366.4008411;12999313.0793831;4676365.07961217;51500905.3065889
43;;13920440.9108586;6549511.59312197;12467353.6906256;5330347.25133468;52998962.2585717
44;;19876459.8423652;11483885.1531608;22145205.3225595;13526340.3396354;102178091.364874
45;;12077058.7288695;6418813.1711785;9855286.6490395;1885808.76469117;41644715.126908
46;;2477809.26149033;1336709.35212375;2581619.37958677;582359.760482011;9566056.1238671
50;;6843385.40254657;1864707.54479284;9018076.83180595;2007562.72596626;27063283.9978551
51;;15707112.2058143;7840791.3108814;16319846.8666573;7325061.4615531;75254596.2257937
52;;14232180.3967383;4283999.50406553;10219883.624937;1802090.82733945;27970812.5127933
53;;12230687.3874031;6696502.40621729;12281438.1993195;2581913.81259987;108390575.181029
54;;4568465.02304438;1928233.39863352;4847416.02353496;258961.865596264;17677190.0258703
61;;11108167.0251786;6434979.74234794;8144184.42521481;3696763.65126463;39696294.1073259
62;;9932718.41198514;4561182.90676877;7428488.96578127;1072113.76886791;29276753.2034067
63;;7930122.55930921;2847088.81770574;4700029.79714002;528965.651102218;12735314.4190781
64;;3709451.89084567;1663030.54784183;2885201.94502913;2474344.36877948;10238477.2104267
65;;17334772.1796849;6970248.4808817;12361731.5975271;2793899.32178561;60087215.4159962
81;;562130.452124621;37112.9276072265;269404.545914433;858349.097574058;2143878.19247314
82;;0;0;0;161862.501724948;188133.577596523