# UniDB_NT_CN_15Q1_V2_1.0.0.406447-20151020123812-RC
[carto_id_polygon_clipper]
1236680451
1236682197
1236682638
1236792448
1236845654
1236925861
1236969433
1237195902
1237236966
1237409710
1237478865
1237483808
1237484014
1237489503
1237774356
1237784977
1237862152
1237917706
1237917707
1237917710
1237917746
1237917759
1237917887
1237917893
1237917935
1237918388
1237918452
1237918460
1237918490
1237918504
1237918548
1237920143
1237920167
1237920177
1237920234
1237920600
1237922160
1237923837
1238772664
1239354495
1239355063
1239355115
1239355573
1239355849
1239358003
1239358008
1239358129
1239359536
1239359811
1239361223
1239363057
1239364200
1239366148
1239366502
