# UniDB_NT_CN_16Q1_1.0.0-gen3.444520-20160811100524-RC
[carto_id_polygon_clipper]
606816073
606819712
606919831
606925288
607132976
607141609
607141918
607142735
607192089
607195776
607196270
607200320
607230439
607344034
607383835
608148857
608283365
608283409
608283472
608285109
608285447
608285899
608285914
608286159
608286182
608286223
608286518
608286522
608286526
608286570
608286597
608286609
608286647
608286650
608286735
608286770
608286774
608286783
608286796
608286987
608287351
608287378
608287384
608287400
608287496
608287505
608287539
608288451
608288630
608288682
608289487
609338454
609466765
609474123
609475836
